n = 100;
A = [
[0( == ), 3.16228, 2, 8.60233, 3.16228, 7.07107, 5.65685, 0, 4.12311, 1.41421], 
 [3.16228, 0( == ), 3.16228, 11.3137, 5.65685, 8.94427, 8.60233, 3.16228, 2.23607, 2.82843], 
 [2, 3.16228, 0( == ), 10.2956, 5.09902, 9.05539, 7.2111, 2, 5, 3.16228], 
 [8.60233, 11.3137, 10.2956, 0( == ), 5.65685, 4, 3.16228, 8.60233, 10.8167, 8.48528], 
 [3.16228, 5.65685, 5.09902, 5.65685, 0( == ), 4, 3.16228, 3.16228, 5.38516, 2.82843], 
 [7.07107, 8.94427, 9.05539, 4, 4, 0( == ), 4.24264, 7.07107, 7.81025, 6.32456], 
 [5.65685, 8.60233, 7.2111, 3.16228, 3.16228, 4.24264, 0( == ), 5.65685, 8.544, 5.83095], 
 [0, 3.16228, 2, 8.60233, 3.16228, 7.07107, 5.65685, 0( == ), 4.12311, 1.41421], 
 [4.12311, 2.23607, 5, 10.8167, 5.38516, 7.81025, 8.544, 4.12311, 0( == ), 3], 
 [1.41421, 2.82843, 3.16228, 8.48528, 2.82843, 6.32456, 5.83095, 1.41421, 3, 0( == )], 
 ]; 
 